5656 7 6 2016 15 40 7 6 2016 15 41 0 0 0 0 1 
5656 1 1 1900 0 0 1 1 1900 0 0 0 0 0 0 0 
5656 1 1 1900 0 0 1 1 1900 0 0 0 0 0 0 0 
5656 1 1 1900 0 0 1 1 1900 0 0 0 0 0 0 0 
5656 1 1 1900 0 0 1 1 1900 0 0 0 0 0 0 0 
5656 1 1 1900 0 0 1 1 1900 0 0 0 0 0 0 0 
5656 1 1 1900 0 0 1 1 1900 0 0 0 0 0 0 0 
5656 1 1 1900 0 0 1 1 1900 0 0 0 0 0 0 0 
5656 1 1 1900 0 0 1 1 1900 0 0 0 0 0 0 0 
5656 1 1 1900 0 0 1 1 1900 0 0 0 0 0 0 0 
5656 1 1 1900 0 0 1 1 1900 0 0 0 0 0 0 0 
5656 1 1 1900 0 0 1 1 1900 0 0 0 0 0 0 0 
5656 1 1 1900 0 0 1 1 1900 0 0 0 0 0 0 0 
5656 1 1 1900 0 0 1 1 1900 0 0 0 0 0 0 0 
5656 1 1 1900 0 0 1 1 1900 0 0 0 0 0 0 0 

1982 6 25 2016 7 36 6 25 2016 7 36 0 0 0 0 0 
1982 6 29 2016 8 37 6 29 2016 8 37 0 0 0 0 0 
1982 7 6 2016 15 41 7 6 2016 15 41 0 0 0 0 0 
1982 1 1 1900 0 0 1 1 1900 0 0 0 0 0 0 0 
1982 1 1 1900 0 0 1 1 1900 0 0 0 0 0 0 0 
1982 1 1 1900 0 0 1 1 1900 0 0 0 0 0 0 0 
1982 1 1 1900 0 0 1 1 1900 0 0 0 0 0 0 0 
1982 1 1 1900 0 0 1 1 1900 0 0 0 0 0 0 0 
1982 1 1 1900 0 0 1 1 1900 0 0 0 0 0 0 0 
1982 1 1 1900 0 0 1 1 1900 0 0 0 0 0 0 0 
1982 1 1 1900 0 0 1 1 1900 0 0 0 0 0 0 0 
1982 1 1 1900 0 0 1 1 1900 0 0 0 0 0 0 0 
1982 1 1 1900 0 0 1 1 1900 0 0 0 0 0 0 0 
1982 1 1 1900 0 0 1 1 1900 0 0 0 0 0 0 0 
1982 1 1 1900 0 0 1 1 1900 0 0 0 0 0 0 0 

6767 1 1 1900 0 0 1 1 1900 0 0 0 0 0 0 0 
6767 1 1 1900 0 0 1 1 1900 0 0 0 0 0 0 0 
6767 1 1 1900 0 0 1 1 1900 0 0 0 0 0 0 0 
6767 1 1 1900 0 0 1 1 1900 0 0 0 0 0 0 0 
6767 1 1 1900 0 0 1 1 1900 0 0 0 0 0 0 0 
6767 1 1 1900 0 0 1 1 1900 0 0 0 0 0 0 0 
6767 1 1 1900 0 0 1 1 1900 0 0 0 0 0 0 0 
6767 1 1 1900 0 0 1 1 1900 0 0 0 0 0 0 0 
6767 1 1 1900 0 0 1 1 1900 0 0 0 0 0 0 0 
6767 1 1 1900 0 0 1 1 1900 0 0 0 0 0 0 0 
6767 1 1 1900 0 0 1 1 1900 0 0 0 0 0 0 0 
6767 1 1 1900 0 0 1 1 1900 0 0 0 0 0 0 0 
6767 1 1 1900 0 0 1 1 1900 0 0 0 0 0 0 0 
6767 1 1 1900 0 0 1 1 1900 0 0 0 0 0 0 0 
6767 1 1 1900 0 0 1 1 1900 0 0 0 0 0 0 0 

3434 1 1 1900 0 0 1 1 1900 0 0 0 0 0 0 0 
3434 1 1 1900 0 0 1 1 1900 0 0 0 0 0 0 0 
3434 1 1 1900 0 0 1 1 1900 0 0 0 0 0 0 0 
3434 1 1 1900 0 0 1 1 1900 0 0 0 0 0 0 0 
3434 1 1 1900 0 0 1 1 1900 0 0 0 0 0 0 0 
3434 1 1 1900 0 0 1 1 1900 0 0 0 0 0 0 0 
3434 1 1 1900 0 0 1 1 1900 0 0 0 0 0 0 0 
3434 1 1 1900 0 0 1 1 1900 0 0 0 0 0 0 0 
3434 1 1 1900 0 0 1 1 1900 0 0 0 0 0 0 0 
3434 1 1 1900 0 0 1 1 1900 0 0 0 0 0 0 0 
3434 1 1 1900 0 0 1 1 1900 0 0 0 0 0 0 0 
3434 1 1 1900 0 0 1 1 1900 0 0 0 0 0 0 0 
3434 1 1 1900 0 0 1 1 1900 0 0 0 0 0 0 0 
3434 1 1 1900 0 0 1 1 1900 0 0 0 0 0 0 0 
3434 1 1 1900 0 0 1 1 1900 0 0 0 0 0 0 0 

6969 1 1 1900 0 0 1 1 1900 0 0 0 0 0 0 0 
6969 1 1 1900 0 0 1 1 1900 0 0 0 0 0 0 0 
6969 1 1 1900 0 0 1 1 1900 0 0 0 0 0 0 0 
6969 1 1 1900 0 0 1 1 1900 0 0 0 0 0 0 0 
6969 1 1 1900 0 0 1 1 1900 0 0 0 0 0 0 0 
6969 1 1 1900 0 0 1 1 1900 0 0 0 0 0 0 0 
6969 1 1 1900 0 0 1 1 1900 0 0 0 0 0 0 0 
6969 1 1 1900 0 0 1 1 1900 0 0 0 0 0 0 0 
6969 1 1 1900 0 0 1 1 1900 0 0 0 0 0 0 0 
6969 1 1 1900 0 0 1 1 1900 0 0 0 0 0 0 0 
6969 1 1 1900 0 0 1 1 1900 0 0 0 0 0 0 0 
6969 1 1 1900 0 0 1 1 1900 0 0 0 0 0 0 0 
6969 1 1 1900 0 0 1 1 1900 0 0 0 0 0 0 0 
6969 1 1 1900 0 0 1 1 1900 0 0 0 0 0 0 0 
6969 1 1 1900 0 0 1 1 1900 0 0 0 0 0 0 0 

